Subcorp	\Filename	ID	Start	End	Text	Comment	Role	ParentID	doc_completeness	prosub	1st	2nd	address	1.chuumokuyoukyuu	2.chinjyutsu	3.shikou	4.ishi	5.ganbou	6.kouiyoukyuu	7.teian	8.shitsumon	9.outouchinjyutsu	10.doui	11.fudoui	12.hyouka	13.kansha	14.kanjyou	15.hairyo	16.jyoudan	17.sonota	1.1_nashi	1.2_chinjyutsu	1.3_shikou	1.4_ishi	1.5_ganbou	1.6_kouiyoukyuu	1.7_teian	1.8_shitsumon	1.9_outouchinjyutsu	1.10_doui	1.11_fudoui	1.12_hyouka	1.13_kansha	1.14_kanjyou	1.15_hairyo	1.16_jyoudan	1.17_sonota
Texts	T004_014-luu-anno.txt	1	75	78	皆さん					1	0	1	0	0	0	1	0	0	0	0	0	0	0	0	0	0	0	0	0	0	0	0	0	0	0	0	0	0	0	0	0	0	0	0	0	0	0
Texts	T004_014-luu-anno.txt	2	1250	1253	皆さん					1	0	1	0	0	0	1	0	0	0	0	0	0	0	0	0	0	0	0	0	0	0	0	0	0	0	0	0	0	0	0	0	0	0	0	0	0	0
Texts	T004_014-luu-anno.txt	42	3770	3775	塚田)さん					1	0	1	0	0	1	0	0	0	0	0	0	0	0	0	0	0	0	0	0	0	0	0	0	0	0	0	0	0	0	0	0	0	0	0	0	0	0
Texts	T004_014-luu-anno.txt	4	4418	4421	あたし					1	1	0	0	0	1	0	0	0	0	0	0	0	0	0	0	0	0	0	0	0	0	0	0	0	0	0	0	0	0	0	0	0	0	0	0	0	0
Texts	T004_014-luu-anno.txt	5	5637	5640	あたし					1	1	0	0	0	1	0	0	0	0	0	0	0	0	0	0	0	0	0	0	0	0	0	0	0	0	0	0	0	0	0	0	0	0	0	0	0	0
Texts	T004_014-luu-anno.txt	6	7092	7095	あたし					1	1	0	0	0	1	0	0	0	0	0	0	0	0	0	0	0	0	0	0	0	0	0	0	0	0	0	0	0	0	0	0	0	0	0	0	0	0
Texts	T004_014-luu-anno.txt	7	7950	7953	あたし					1	1	0	0	0	0	1	0	0	0	0	0	0	0	0	0	0	0	0	0	0	0	0	0	0	0	0	0	0	0	0	0	0	0	0	0	0	0
Texts	T004_014-luu-anno.txt	8	10264	10267	あたし	500に対して				1	1	0	0	0	0	0	0	0	0	0	0	0	1	0	0	0	0	0	0	0	0	0	0	0	0	0	0	0	0	0	0	0	0	0	0	0	0
Texts	T004_014-luu-anno.txt	9	11251	11252	僕					1	1	0	0	0	0	0	1	0	0	0	0	0	0	0	0	0	0	0	0	0	0	0	0	0	0	0	0	0	0	0	0	0	0	0	0	0	0
Texts	T004_014-luu-anno.txt	11	12755	12758	あたし	636と合わせて				1	1	0	0	0	0	0	1	0	0	0	0	0	0	0	0	0	0	0	0	0	0	0	0	0	0	0	0	0	0	0	0	0	0	0	0	0	0
Texts	T004_014-luu-anno.txt	12	12817	12820	あたし	636に対して				1	1	0	0	0	0	0	0	0	0	0	0	0	1	0	0	0	0	0	0	0	0	0	0	0	0	0	0	0	0	0	0	0	0	0	0	0	0
Texts	T004_014-luu-anno.txt	13	12997	13003	一ノ宮)さん					1	0	0	1	1	0	0	0	0	0	0	0	0	0	0	0	0	0	0	0	0	0	0	0	0	0	0	0	1	0	0	0	0	0	0	0	0	0
Texts	T004_014-luu-anno.txt	14	13424	13425	僕					1	1	0	0	0	1	0	0	0	0	0	0	0	0	0	0	0	0	0	0	0	0	0	0	0	0	0	0	0	0	0	0	0	0	0	0	0	0
Texts	T004_014-luu-anno.txt	15	13507	13510	あたし					1	1	0	0	0	1	0	0	0	0	0	0	0	0	0	0	0	0	0	0	0	0	0	0	0	0	0	0	0	0	0	0	0	0	0	0	0	0
Texts	T004_014-luu-anno.txt	16	13805	13808	あたし					1	1	0	0	0	0	0	1	0	0	0	0	0	0	0	0	0	0	0	0	0	0	0	0	0	0	0	0	0	0	0	0	0	0	0	0	0	0
Texts	T004_014-luu-anno.txt	18	14622	14625	あたし	728に対して				1	1	0	0	0	0	0	0	0	0	0	0	1	0	0	0	0	0	0	0	0	0	0	0	0	0	0	0	0	0	0	0	0	0	0	0	0	0
Texts	T004_014-luu-anno.txt	23	17795	17798	あたし					1	1	0	0	0	0	0	0	0	0	0	1	0	0	0	0	0	0	0	0	0	0	0	0	0	0	0	0	0	0	0	0	0	0	0	0	0	0
Texts	T004_014-luu-anno.txt	25	18286	18289	あたし					1	1	0	0	0	1	0	0	0	0	0	0	0	0	0	0	0	0	0	0	0	0	0	0	0	0	0	0	0	0	0	0	0	0	0	0	0	0
Texts	T004_014-luu-anno.txt	27	19212	19218	一ノ宮)さん					1	0	1	0	0	1	0	0	0	0	0	0	0	0	0	0	0	0	0	0	0	0	0	0	0	0	0	0	0	0	0	0	0	0	0	0	0	0
Texts	T004_014-luu-anno.txt	30	20688	20692	あ:たし					1	1	0	0	0	0	1	0	0	0	0	0	0	0	0	0	0	0	0	0	0	0	0	0	0	0	0	0	0	0	0	0	0	0	0	0	0	0
Texts	T004_014-luu-anno.txt	31	21776	21779	あたし					1	1	0	0	0	1	0	0	0	0	0	0	0	0	0	0	0	0	0	0	0	0	0	0	0	0	0	0	0	0	0	0	0	0	0	0	0	0
Texts	T004_014-luu-anno.txt	32	21892	21897	戸部)さん					1	0	1	0	0	0	0	0	0	0	0	0	0	0	0	1	0	0	0	0	0	0	0	0	0	0	0	0	0	0	0	0	0	0	0	0	0	0
Texts	T004_014-luu-anno.txt	33	21966	21971	戸部)さん					1	0	0	1	1	0	0	0	0	0	0	0	0	0	0	0	0	0	0	0	0	1	0	0	0	0	0	0	0	0	0	0	0	0	0	0	0	0
Texts	T004_014-luu-anno.txt	35	24192	24195	あたし					1	1	0	0	0	0	1	0	0	0	0	0	0	0	0	0	0	0	0	0	0	0	0	0	0	0	0	0	0	0	0	0	0	0	0	0	0	0
Texts	T004_014-luu-anno.txt	36	24452	24455	あたし					1	1	0	0	0	0	1	0	0	0	0	0	0	0	0	0	0	0	0	0	0	0	0	0	0	0	0	0	0	0	0	0	0	0	0	0	0	0
Texts	T004_014-luu-anno.txt	10	25336	25341	水谷)さん					1	0	0	1	1	0	0	0	0	0	0	0	0	0	0	0	0	0	0	0	0	1	0	0	0	0	0	0	0	0	0	0	0	0	0	0	0	0
Texts	T004_014-luu-anno.txt	41	27657	27660	みんな					1	0	1	0	1	0	0	0	0	0	0	0	0	0	0	0	0	0	0	0	0	1	0	0	0	0	0	0	0	0	0	0	0	0	0	0	0	0
