Subcorp	\Filename	ID	Start	End	Text	Comment	Role	ParentID	doc_completeness	prosub	1st	2nd	address	1.chuumokuyoukyuu	2.chinjyutsu	3.shikou	4.ishi	5.ganbou	6.kouiyoukyuu	7.teian	8.shitsumon	9.outouchinjyutsu	10.doui	11.fudoui	12.hyouka	13.kansha	14.kanjyou	15.hairyo	16.jyoudan	17.sonota	1.1_nashi	1.2_chinjyutsu	1.3_shikou	1.4_ishi	1.5_ganbou	1.6_kouiyoukyuu	1.7_teian	1.8_shitsumon	1.9_outouchinjyutsu	1.10_doui	1.11_fudoui	1.12_hyouka	1.13_kansha	1.14_kanjyou	1.15_hairyo	1.16_jyoudan	1.17_sonota
Texts	W002_001-luu-anno.txt	1	155	160	岩国)先生	01				1	0	1	0	0	0	0	0	0	0	0	1	0	0	0	0	0	0	0	0	0	0	0	0	0	0	0	0	0	0	0	0	0	0	0	0	0	0
Texts	W002_001-luu-anno.txt	2	1782	1783	俺					1	1	0	0	0	0	1	0	0	0	0	0	0	0	0	0	0	0	0	0	0	0	0	0	0	0	0	0	0	0	0	0	0	0	0	0	0	0
Texts	W002_001-luu-anno.txt	4	2698	2700	俺ら					1	1	0	0	0	0	1	0	0	0	0	0	0	0	0	0	0	0	0	0	0	0	0	0	0	0	0	0	0	0	0	0	0	0	0	0	0	0
Texts	W002_001-luu-anno.txt	5	5074	5077	わたし	260の倒置の場合意思？				1	1	0	0	0	0	0	1	0	0	0	0	0	0	0	0	0	0	0	0	0	0	0	0	0	0	0	0	0	0	0	0	0	0	0	0	0	0
Texts	W002_001-luu-anno.txt	6	5226	5227	俺					1	1	0	0	0	0	1	0	0	0	0	0	0	0	0	0	0	0	0	0	0	0	0	0	0	0	0	0	0	0	0	0	0	0	0	0	0	0
Texts	W002_001-luu-anno.txt	7	5410	5413	わたし	282 倒置				1	1	0	0	0	0	1	0	0	0	0	0	0	0	0	0	0	0	0	0	0	0	0	0	0	0	0	0	0	0	0	0	0	0	0	0	0	0
Texts	W002_001-luu-anno.txt	10	6686	6687	俺					1	1	0	0	0	1	0	0	0	0	0	0	0	0	0	0	0	0	0	0	0	0	0	0	0	0	0	0	0	0	0	0	0	0	0	0	0	0
Texts	W002_001-luu-anno.txt	11	6792	6795	わたし					1	1	0	0	0	1	0	0	0	0	0	0	0	0	0	0	0	0	0	0	0	0	0	0	0	0	0	0	0	0	0	0	0	0	0	0	0	0
Texts	W002_001-luu-anno.txt	12	8074	8075	俺					1	1	0	0	0	1	0	0	0	0	0	0	0	0	0	0	0	0	0	0	0	0	0	0	0	0	0	0	0	0	0	0	0	0	0	0	0	0
Texts	W002_001-luu-anno.txt	13	8082	8083	俺					1	1	0	0	0	1	0	0	0	0	0	0	0	0	0	0	0	0	0	0	0	0	0	0	0	0	0	0	0	0	0	0	0	0	0	0	0	0
Texts	W002_001-luu-anno.txt	14	9485	9486	俺					1	1	0	0	0	0	1	0	0	0	0	0	0	0	0	0	0	0	0	0	0	0	0	0	0	0	0	0	0	0	0	0	0	0	0	0	0	0
Texts	W002_001-luu-anno.txt	15	9977	9978	俺	487に対して				1	1	0	0	0	0	0	0	0	0	0	0	0	0	1	0	0	0	0	0	0	0	0	0	0	0	0	0	0	0	0	0	0	0	0	0	0	0
Texts	W002_001-luu-anno.txt	17	11861	11864	うちら					1	1	0	0	0	0	0	0	0	0	0	0	0	0	0	1	0	0	0	0	0	0	0	0	0	0	0	0	0	0	0	0	0	0	0	0	0	0
Texts	W002_001-luu-anno.txt	19	12924	12925	俺					1	1	0	0	0	0	0	0	1	0	0	0	0	0	0	0	0	0	0	0	0	0	0	0	0	0	0	0	0	0	0	0	0	0	0	0	0	0
Texts	W002_001-luu-anno.txt	20	13068	13069	俺					1	1	0	0	0	1	0	0	0	0	0	0	0	0	0	0	0	0	0	0	0	0	0	0	0	0	0	0	0	0	0	0	0	0	0	0	0	0
Texts	W002_001-luu-anno.txt	22	13756	13757	俺					1	1	0	0	0	0	1	0	0	0	0	0	0	0	0	0	0	0	0	0	0	0	0	0	0	0	0	0	0	0	0	0	0	0	0	0	0	0
Texts	W002_001-luu-anno.txt	23	14749	14750	俺					1	1	0	0	0	1	0	0	0	0	0	0	0	0	0	0	0	0	0	0	0	0	0	0	0	0	0	0	0	0	0	0	0	0	0	0	0	0
Texts	W002_001-luu-anno.txt	25	15400	15405	岩国)先生	01?(ただしおそらく本当の先生ではなく、なりすましとして)				1	0	0	1	1	0	0	0	0	0	0	0	0	0	0	0	0	0	0	0	0	0	0	0	0	0	0	0	1	0	0	0	0	0	0	0	0	0
Texts	W002_001-luu-anno.txt	26	16676	16677	俺	観客の意見(笑い)に対して				1	1	0	0	0	0	0	0	0	0	0	0	0	1	0	0	0	0	0	0	0	0	0	0	0	0	0	0	0	0	0	0	0	0	0	0	0	0
Texts	W002_001-luu-anno.txt	29	17439	17440	俺	877「気恥ずかしかった」と合わせて感情				1	1	0	0	0	0	0	0	0	0	0	0	0	0	0	0	0	1	0	0	0	0	0	0	0	0	0	0	0	0	0	0	0	0	0	0	0	0
Texts	W002_001-luu-anno.txt	30	17530	17533	僕たち					1	1	0	0	0	1	0	0	0	0	0	0	0	0	0	0	0	0	0	0	0	0	0	0	0	0	0	0	0	0	0	0	0	0	0	0	0	0
Texts	W002_001-luu-anno.txt	31	17738	17739	俺					1	1	0	0	0	0	1	0	0	0	0	0	0	0	0	0	0	0	0	0	0	0	0	0	0	0	0	0	0	0	0	0	0	0	0	0	0	0
Texts	W002_001-luu-anno.txt	32	18153	18154	俺					1	1	0	0	0	0	1	0	0	0	0	0	0	0	0	0	0	0	0	0	0	0	0	0	0	0	0	0	0	0	0	0	0	0	0	0	0	0
Texts	W002_001-luu-anno.txt	33	18299	18300	俺					1	1	0	0	0	0	0	0	0	0	0	0	0	0	0	0	0	1	0	0	0	0	0	0	0	0	0	0	0	0	0	0	0	0	0	0	0	0
Texts	W002_001-luu-anno.txt	35	19228	19229	僕	実際に頭は溶けるはずがないため冗談と判断				1	1	0	0	0	0	0	0	0	0	0	0	0	0	0	0	0	0	0	1	0	0	0	0	0	0	0	0	0	0	0	0	0	0	0	0	0	0
Texts	W002_001-luu-anno.txt	36	19647	19648	僕	987に対して				1	1	0	0	0	0	0	0	0	0	0	0	0	1	0	0	0	0	0	0	0	0	0	0	0	0	0	0	0	0	0	0	0	0	0	0	0	0
Texts	W002_001-luu-anno.txt	37	22264	22267	たっぺ	板野のあだ名である可能性				1	0	0	1	1	0	0	0	0	0	0	0	0	0	0	0	0	0	0	0	0	1	0	0	0	0	0	0	0	0	0	0	0	0	0	0	0	0
Texts	W002_001-luu-anno.txt	38	22496	22497	俺	1163 倒置				1	1	0	0	0	0	1	0	0	0	0	0	0	0	0	0	0	0	0	0	0	0	0	0	0	0	0	0	0	0	0	0	0	0	0	0	0	0
Texts	W002_001-luu-anno.txt	39	22767	22770	あたし					1	1	0	0	0	0	1	0	0	0	0	0	0	0	0	0	0	0	0	0	0	0	0	0	0	0	0	0	0	0	0	0	0	0	0	0	0	0
Texts	W002_001-luu-anno.txt	40	22961	22962	俺	1185　倒置				1	1	0	0	0	1	0	0	0	0	0	0	0	0	0	0	0	0	0	0	0	0	0	0	0	0	0	0	0	0	0	0	0	0	0	0	0	0
Texts	W002_001-luu-anno.txt	43	24408	24411	わたし					1	1	0	0	0	0	1	0	0	0	0	0	0	0	0	0	0	0	0	0	0	0	0	0	0	0	0	0	0	0	0	0	0	0	0	0	0	0
Texts	W002_001-luu-anno.txt	44	24522	24523	俺					1	1	0	0	0	1	0	0	0	0	0	0	0	0	0	0	0	0	0	0	0	0	0	0	0	0	0	0	0	0	0	0	0	0	0	0	0	0
Texts	W002_001-luu-anno.txt	45	24769	24770	俺					1	1	0	0	0	1	0	0	0	0	0	0	0	0	0	0	0	0	0	0	0	0	0	0	0	0	0	0	0	0	0	0	0	0	0	0	0	0
Texts	W002_001-luu-anno.txt	49	25515	25516	僕					1	1	0	0	0	1	0	0	0	0	0	0	0	0	0	0	0	0	0	0	0	0	0	0	0	0	0	0	0	0	0	0	0	0	0	0	0	0
Texts	W002_001-luu-anno.txt	50	26209	26210	僕					1	1	0	0	0	1	0	0	0	0	0	0	0	0	0	0	0	0	0	0	0	0	0	0	0	0	0	0	0	0	0	0	0	0	0	0	0	0
Texts	W002_001-luu-anno.txt	51	26319	26321	寺井					1	0	0	1	1	0	0	0	0	0	0	0	0	0	0	0	0	0	0	0	0	1	0	0	0	0	0	0	0	0	0	0	0	0	0	0	0	0
Texts	W002_001-luu-anno.txt	52	26870	26871	俺					1	1	0	0	0	1	0	0	0	0	0	0	0	0	0	0	0	0	0	0	0	0	0	0	0	0	0	0	0	0	0	0	0	0	0	0	0	0
Texts	W002_001-luu-anno.txt	53	27410	27412	お前	フィラー？				1	0	0	1	1	0	0	0	0	0	0	0	0	0	0	0	0	0	0	0	0	0	0	0	0	0	0	0	0	0	0	0	0	0	0	0	0	1
Texts	W002_001-luu-anno.txt	54	27503	27504	俺	引用				1	1	0	0	0	0	0	1	0	0	0	0	0	0	0	0	0	0	0	0	0	0	0	0	0	0	0	0	0	0	0	0	0	0	0	0	0	0
Texts	W002_001-luu-anno.txt	55	27511	27512	俺	引用				1	1	0	0	0	0	0	1	0	0	0	0	0	0	0	0	0	0	0	0	0	0	0	0	0	0	0	0	0	0	0	0	0	0	0	0	0	0
Texts	W002_001-luu-anno.txt	56	28865	28866	俺	1470に対して				1	1	0	0	0	0	0	0	0	0	0	0	1	0	0	0	0	0	0	0	0	0	0	0	0	0	0	0	0	0	0	0	0	0	0	0	0	0
Texts	W002_001-luu-anno.txt	64	29929	29932	わたし	1530 倒置				1	1	0	0	0	0	1	0	0	0	0	0	0	0	0	0	0	0	0	0	0	0	0	0	0	0	0	0	0	0	0	0	0	0	0	0	0	0
Texts	W002_001-luu-anno.txt	66	30240	30241	俺					1	1	0	0	0	0	1	0	0	0	0	0	0	0	0	0	0	0	0	0	0	0	0	0	0	0	0	0	0	0	0	0	0	0	0	0	0	0
Texts	W002_001-luu-anno.txt	67	30733	30736	わたし					1	1	0	0	0	0	1	0	0	0	0	0	0	0	0	0	0	0	0	0	0	0	0	0	0	0	0	0	0	0	0	0	0	0	0	0	0	0
Texts	W002_001-luu-anno.txt	68	31131	31132	俺					1	1	0	0	0	0	1	0	0	0	0	0	0	0	0	0	0	0	0	0	0	0	0	0	0	0	0	0	0	0	0	0	0	0	0	0	0	0
Texts	W002_001-luu-anno.txt	74	32029	32030	俺					1	1	0	0	0	0	0	1	0	0	0	0	0	0	0	0	0	0	0	0	0	0	0	0	0	0	0	0	0	0	0	0	0	0	0	0	0	0
Texts	W002_001-luu-anno.txt	75	33532	33535	わたし					1	1	0	0	0	0	0	1	0	0	0	0	0	0	0	0	0	0	0	0	0	0	0	0	0	0	0	0	0	0	0	0	0	0	0	0	0	0
Texts	W002_001-luu-anno.txt	76	35027	35028	俺	「思いとどまった」に着目				1	1	0	0	0	1	0	0	0	0	0	0	0	0	0	0	0	0	0	0	0	0	0	0	0	0	0	0	0	0	0	0	0	0	0	0	0	0
Texts	W002_001-luu-anno.txt	8	35166	35167	俺					1	1	0	0	0	0	1	0	0	0	0	0	0	0	0	0	0	0	0	0	0	0	0	0	0	0	0	0	0	0	0	0	0	0	0	0	0	0
Texts	W002_001-luu-anno.txt	78	35325	35328	こっし	寺井のことである可能性　1764を受けて、こっしに意見を求めている				1	0	0	1	1	0	0	0	0	0	0	0	0	0	0	0	0	0	0	0	0	0	0	0	0	0	1	0	0	0	0	0	0	0	0	0	0	0
Texts	W002_001-luu-anno.txt	79	36482	36483	俺					1	1	0	0	0	0	1	0	0	0	0	0	0	0	0	0	0	0	0	0	0	0	0	0	0	0	0	0	0	0	0	0	0	0	0	0	0	0
Texts	W002_001-luu-anno.txt	80	36905	36908	わたし					1	1	0	0	0	0	1	0	0	0	0	0	0	0	0	0	0	0	0	0	0	0	0	0	0	0	0	0	0	0	0	0	0	0	0	0	0	0
Texts	W002_001-luu-anno.txt	81	37207	37209	みの	みのを当てて意見を求めている				1	0	0	1	1	0	0	0	0	0	0	0	0	0	0	0	0	0	0	0	0	0	0	0	0	0	1	0	0	0	0	0	0	0	0	0	0	0
Texts	W002_001-luu-anno.txt	83	37401	37402	俺					1	1	0	0	0	0	1	0	0	0	0	0	0	0	0	0	0	0	0	0	0	0	0	0	0	0	0	0	0	0	0	0	0	0	0	0	0	0
Texts	W002_001-luu-anno.txt	84	37853	37854	俺	1879の倒置。				1	1	0	0	0	0	1	0	0	0	0	0	0	0	0	0	0	0	0	0	0	0	0	0	0	0	0	0	0	0	0	0	0	0	0	0	0	0
Texts	W002_001-luu-anno.txt	85	38171	38172	僕	1892の倒置。				1	1	0	0	0	0	0	1	0	0	0	0	0	0	0	0	0	0	0	0	0	0	0	0	0	0	0	0	0	0	0	0	0	0	0	0	0	0
Texts	W002_001-luu-anno.txt	86	39125	39128	あたし					1	1	0	0	0	1	0	0	0	0	0	0	0	0	0	0	0	0	0	0	0	0	0	0	0	0	0	0	0	0	0	0	0	0	0	0	0	0
Texts	W002_001-luu-anno.txt	89	39462	39463	俺	推測				1	1	0	0	0	0	1	0	0	0	0	0	0	0	0	0	0	0	0	0	0	0	0	0	0	0	0	0	0	0	0	0	0	0	0	0	0	0
Texts	W002_001-luu-anno.txt	91	40069	40070	俺					1	1	0	0	0	1	0	0	0	0	0	0	0	0	0	0	0	0	0	0	0	0	0	0	0	0	0	0	0	0	0	0	0	0	0	0	0	0
Texts	W002_001-luu-anno.txt	48	42662	42668	かっ)ちゃん	畑中に向かってなにかを情報提供している				1	0	0	1	1	0	0	0	0	0	0	0	0	0	0	0	0	0	0	0	0	0	1	0	0	0	0	0	0	0	0	0	0	0	0	0	0	0
Texts	W002_001-luu-anno.txt	94	43274	43275	俺	作れない(と思う)				1	1	0	0	0	0	1	0	0	0	0	0	0	0	0	0	0	0	0	0	0	0	0	0	0	0	0	0	0	0	0	0	0	0	0	0	0	0
Texts	W002_001-luu-anno.txt	95	44050	44051	君					1	0	1	0	0	0	0	0	0	0	0	1	0	0	0	0	0	0	0	0	0	0	0	0	0	0	0	0	0	0	0	0	0	0	0	0	0	0
Texts	W002_001-luu-anno.txt	96	44684	44685	俺					1	1	0	0	0	0	1	0	0	0	0	0	0	0	0	0	0	0	0	0	0	0	0	0	0	0	0	0	0	0	0	0	0	0	0	0	0	0
Texts	W002_001-luu-anno.txt	3	45967	45972	わたしたち	2285を言いかけている可能性				1	1	0	0	0	0	1	0	0	0	0	0	0	0	0	0	0	0	0	0	0	0	0	0	0	0	0	0	0	0	0	0	0	0	0	0	0	0
Texts	W002_001-luu-anno.txt	100	46099	46104	わたしたち					1	1	0	0	0	0	1	0	0	0	0	0	0	0	0	0	0	0	0	0	0	0	0	0	0	0	0	0	0	0	0	0	0	0	0	0	0	0
Texts	W002_001-luu-anno.txt	102	46478	46483	わたしたち	引用　推測				1	1	0	0	0	0	1	0	0	0	0	0	0	0	0	0	0	0	0	0	0	0	0	0	0	0	0	0	0	0	0	0	0	0	0	0	0	0
Texts	W002_001-luu-anno.txt	104	47430	47431	俺					1	1	0	0	0	0	1	0	0	0	0	0	0	0	0	0	0	0	0	0	0	0	0	0	0	0	0	0	0	0	0	0	0	0	0	0	0	0
Texts	W002_001-luu-anno.txt	105	47906	47907	俺	そこ消したほうがいい(と思う)				1	1	0	0	0	0	1	0	0	0	0	0	0	0	0	0	0	0	0	0	0	0	0	0	0	0	0	0	0	0	0	0	0	0	0	0	0	0
Texts	W002_001-luu-anno.txt	106	48680	48681	俺	だめ(だと思う)				1	1	0	0	0	0	1	0	0	0	0	0	0	0	0	0	0	0	0	0	0	0	0	0	0	0	0	0	0	0	0	0	0	0	0	0	0	0
Texts	W002_001-luu-anno.txt	107	48805	48806	俺	できない(と思う)				1	1	0	0	0	0	1	0	0	0	0	0	0	0	0	0	0	0	0	0	0	0	0	0	0	0	0	0	0	0	0	0	0	0	0	0	0	0
Texts	W002_001-luu-anno.txt	108	48923	48924	俺					1	1	0	0	0	0	1	0	0	0	0	0	0	0	0	0	0	0	0	0	0	0	0	0	0	0	0	0	0	0	0	0	0	0	0	0	0	0
Texts	W002_001-luu-anno.txt	112	52309	52310	俺					1	1	0	0	0	0	1	0	0	0	0	0	0	0	0	0	0	0	0	0	0	0	0	0	0	0	0	0	0	0	0	0	0	0	0	0	0	0
Texts	W002_001-luu-anno.txt	113	52674	52675	俺	早い(と思う)けど				1	1	0	0	0	0	1	0	0	0	0	0	0	0	0	0	0	0	0	0	0	0	0	0	0	0	0	0	0	0	0	0	0	0	0	0	0	0
Texts	W002_001-luu-anno.txt	114	52745	52746	俺	帰ったら困るのをわかっていながら意思に反して述べた可能性あるため、冗談と判断				1	1	0	0	0	0	0	0	0	0	0	0	0	0	0	0	0	0	0	1	0	0	0	0	0	0	0	0	0	0	0	0	0	0	0	0	0	0
Texts	W002_001-luu-anno.txt	115	54003	54004	俺					1	1	0	0	0	0	1	0	0	0	0	0	0	0	0	0	0	0	0	0	0	0	0	0	0	0	0	0	0	0	0	0	0	0	0	0	0	0
