Subcorp	\Filename	ID	Start	End	Text	Comment	Role	ParentID	doc_completeness	prosub	1st	2nd	3rd	address	1st.family	1st.fictional-family	2nd.family	2nd.fictional-family	3rd.family	3rd.fictional-family	1st.proper-name	2nd.proper-name	3rd.proper-name	1st.modified-np	2nd.modified-np	3rd.modified-np	1st.quantifier	2nd.quantifier	3rd.quantifier	1st.service	2nd.service	3rd.service	1st.relationship	2nd.relationship	3rd.relationship	1st.anaphor	2nd.anaphor	3rd.anaphor
Texts	1995_14	1	0	0						1	0	0	0	0	0	0	0	0	0	0	0	0	0	0	0	0	0	0	0	0	0	0	0	0	0	0	0	0
Texts	1995_14	2	83	95	ဒေါ်ကြီးလှရေ					1	0	0	0	1	0	0	0	0	0	0	0	0	0	0	0	0	0	0	0	0	0	0	0	0	0	0	0	0
Texts	1995_14	3	195	205	မောင်မောင်					1	0	0	0	0	0	0	0	0	0	0	0	0	1	0	0	0	0	0	0	0	0	0	0	0	0	0	0	0
Texts	1995_14	4	274	276	ငါ					1	1	0	0	0	0	0	0	0	0	0	0	0	0	0	0	0	0	0	0	0	0	0	0	0	0	0	0	0
Texts	1995_14	5	406	416	ဒေါ်ကြီးလှ					1	0	0	0	0	0	0	0	0	0	0	0	1	0	0	0	0	0	0	0	0	0	0	0	0	0	0	0	0
Texts	1995_14	6	465	475	မိစိမ်းရယ်					1	0	0	0	1	0	0	0	0	0	0	0	0	0	0	0	0	0	0	0	0	0	0	0	0	0	0	0	0
Texts	1995_14	7	508	512	ညည်း					1	0	1	0	0	0	0	0	0	0	0	0	0	0	0	0	0	0	0	0	0	0	0	0	0	0	0	0	0
Texts	1995_14	8	514	523	ညည်းမောင်					1	0	0	0	0	0	0	0	0	0	0	0	0	0	0	0	1	0	0	0	0	0	0	0	0	0	0	0	0
Texts	1995_14	9	597	605	ဒေါ်ကြီး					1	0	0	0	0	0	1	0	0	0	0	0	0	0	0	0	0	0	0	0	0	0	0	0	0	0	0	0	0
Texts	1995_14	10	654	665	မောင်နှမတွေ					1	0	0	0	0	0	0	0	1	0	0	0	0	0	0	0	0	0	0	0	0	0	0	0	0	0	0	0	0
Texts	1995_14	11	716	718	ငါ					1	1	0	0	0	0	0	0	0	0	0	0	0	0	0	0	0	0	0	0	0	0	0	0	0	0	0	0	0
Texts	1995_14	12	779	789	မောင်မောင်					1	0	0	0	1	0	0	0	0	0	0	0	0	0	0	0	0	0	0	0	0	0	0	0	0	0	0	0	0
Texts	1995_14	13	831	838	မမစိမ်း					1	0	0	0	1	0	0	0	0	0	0	0	0	0	0	0	0	0	0	0	0	0	0	0	0	0	0	0	0
Texts	1995_14	14	871	881	မောင်မောင်					1	0	0	0	0	0	0	0	0	0	0	0	1	0	0	0	0	0	0	0	0	0	0	0	0	0	0	0	0
Texts	1995_14	15	1061	1066	မောင်					1	0	0	0	0	0	0	0	0	0	0	1	0	0	0	0	0	0	0	0	0	0	0	0	0	0	0	0	0
Texts	1995_14	16	1073	1077	မေမေ					1	0	0	0	0	0	0	0	0	1	0	0	0	0	0	0	0	0	0	0	0	0	0	0	0	0	0	0	0
Texts	1995_14	17	1081	1088	မမစိမ်း					1	0	0	0	0	0	0	0	0	0	0	0	1	0	0	0	0	0	0	0	0	0	0	0	0	0	0	0	0
Texts	1995_14	18	1157	1170	မောင်မောင်ရယ်					1	0	0	0	1	0	0	0	0	0	0	0	0	0	0	0	0	0	0	0	0	0	0	0	0	0	0	0	0
Texts	1995_14	19	1211	1218	မမစိမ်း					1	0	0	0	0	0	0	0	0	0	0	0	1	0	0	0	0	0	0	0	0	0	0	0	0	0	0	0	0
Texts	1995_14	20	1257	1262	မောင်					1	0	0	0	0	0	0	0	0	0	0	1	0	0	0	0	0	0	0	0	0	0	0	0	0	0	0	0	0
Texts	1995_14	21	1263	1267	မေမေ					1	0	0	0	0	0	0	0	0	1	0	0	0	0	0	0	0	0	0	0	0	0	0	0	0	0	0	0	0
Texts	1995_14	22	1271	1278	မမစိမ်း					1	0	0	0	0	0	0	0	0	0	0	0	1	0	0	0	0	0	0	0	0	0	0	0	0	0	0	0	0
Texts	1995_14	23	1297	1302	မောင်					1	0	0	0	0	0	0	0	0	0	0	1	0	0	0	0	0	0	0	0	0	0	0	0	0	0	0	0	0
Texts	1995_14	24	1364	1374	မောင်မောင်					1	0	0	0	0	0	0	0	0	0	0	0	1	0	0	0	0	0	0	0	0	0	0	0	0	0	0	0	0
Texts	1995_14	25	1375	1386	မမစိမ်းတို့					1	0	0	0	0	0	0	0	0	0	0	1	0	0	0	0	0	0	0	0	0	0	0	0	0	0	0	0	0
Texts	1995_14	26	1452	1457	မောင်					1	0	0	0	0	0	0	0	0	0	0	1	0	0	0	0	0	0	0	0	0	0	0	0	0	0	0	0	0
Texts	1995_14	27	1573	1583	မောင်မောင်					1	0	0	0	0	0	0	0	0	0	0	0	1	0	0	0	0	0	0	0	0	0	0	0	0	0	0	0	0
Texts	1995_14	28	1673	1678	မောင်					1	0	0	0	0	0	0	0	0	0	0	1	0	0	0	0	0	0	0	0	0	0	0	0	0	0	0	0	0
Texts	1995_14	29	1744	1749	မောင်					1	0	0	0	0	0	0	0	0	0	0	1	0	0	0	0	0	0	0	0	0	0	0	0	0	0	0	0	0
Texts	1995_14	30	1807	1820	မောင်မောင်ရယ်					1	0	0	0	1	0	0	0	0	0	0	0	0	0	0	0	0	0	0	0	0	0	0	0	0	0	0	0	0
Texts	1995_14	31	1872	1882	မမစိမ်းရယ်					1	0	0	0	1	0	0	0	0	0	0	0	0	0	0	0	0	0	0	0	0	0	0	0	0	0	0	0	0
Texts	1995_14	32	1964	1969	မောင်					1	0	0	0	0	0	0	0	0	0	0	1	0	0	0	0	0	0	0	0	0	0	0	0	0	0	0	0	0
Texts	1995_14	33	1982	1990	ဦးမြမော်					1	0	0	0	0	0	0	0	0	0	0	0	0	1	0	0	0	0	0	0	0	0	0	0	0	0	0	0	0
Texts	1995_14	34	2032	2035	သူ့					1	0	0	1	0	0	0	0	0	0	0	0	0	0	0	0	0	0	0	0	0	0	0	0	0	0	0	0	0
Texts	1995_14	35	2039	2071	တစ်ဦးတည်းသောသမီးလေး ချစ်ချစ်မော်					1	0	0	0	0	0	0	0	0	0	0	0	0	0	0	0	1	0	0	0	0	0	0	0	0	0	0	0	0
Texts	1995_14	36	2121	2131	မောင်မောင်					1	0	0	0	0	0	0	0	0	0	0	0	1	0	0	0	0	0	0	0	0	0	0	0	0	0	0	0	0
Texts	1995_14	37	2202	2212	မောင်မောင်					1	0	0	0	1	0	0	0	0	0	0	0	0	0	0	0	0	0	0	0	0	0	0	0	0	0	0	0	0
Texts	1995_14	38	2249	2254	မောင်					1	0	0	0	0	0	0	0	0	0	0	1	0	0	0	0	0	0	0	0	0	0	0	0	0	0	0	0	0
Texts	1995_14	39	2267	2274	မမစိမ်း					1	0	0	0	1	0	0	0	0	0	0	0	0	0	0	0	0	0	0	0	0	0	0	0	0	0	0	0	0
Texts	1995_14	40	2307	2317	မောင်မောင်					1	0	0	0	0	0	0	0	0	0	0	0	1	0	0	0	0	0	0	0	0	0	0	0	0	0	0	0	0
Texts	1995_14	41	2406	2419	အဲဒီကောင်မလေး					1	0	0	0	0	0	0	0	0	0	0	0	0	0	0	0	1	0	0	0	0	0	0	0	0	0	0	0	0
Texts	1995_14	42	2423	2429	မောင့်					1	0	0	0	0	0	0	0	0	0	0	1	0	0	0	0	0	0	0	0	0	0	0	0	0	0	0	0	0
Texts	1995_14	51	2480	2483	သူ့					1	0	0	1	0	0	0	0	0	0	0	0	0	0	0	0	0	0	0	0	0	0	0	0	0	0	0	0	0
Texts	1995_14	43	2537	2547	မောင်မောင်					1	0	0	0	1	0	0	0	0	0	0	0	0	0	0	0	0	0	0	0	0	0	0	0	0	0	0	0	0
Texts	1995_14	44	2549	2553	မင်း					1	0	1	0	0	0	0	0	0	0	0	0	0	0	0	0	0	0	0	0	0	0	0	0	0	0	0	0	0
Texts	1995_14	45	2554	2567	အဲဒီကောင်မလေး					1	0	0	0	0	0	0	0	0	0	0	0	0	0	0	0	1	0	0	0	0	0	0	0	0	0	0	0	0
Texts	1995_14	46	2609	2616	မမစိမ်း					1	0	0	0	0	0	0	0	0	0	0	0	1	0	0	0	0	0	0	0	0	0	0	0	0	0	0	0	0
Texts	1995_14	47	2617	2628	မောင်မောင့်					1	0	0	0	0	0	0	0	0	0	0	1	0	0	0	0	0	0	0	0	0	0	0	0	0	0	0	0	0
Texts	1995_14	48	2680	2690	မောင်မောင်					1	0	0	0	0	0	0	0	0	0	0	1	0	0	0	0	0	0	0	0	0	0	0	0	0	0	0	0	0
Texts	1995_14	49	2739	2741	သူ					1	0	0	1	0	0	0	0	0	0	0	0	0	0	0	0	0	0	0	0	0	0	0	0	0	0	0	0	0
Texts	1995_14	50	2756	2766	မောင်မောင်					1	0	0	0	0	0	0	0	0	0	0	1	0	0	0	0	0	0	0	0	0	0	0	0	0	0	0	0	0
