Subcorp	\Filename	ID	Start	End	Text	Comment	Role	ParentID	doc_completeness	prosub	1st	2nd	3rd	address	1st.family	1st.fictional-family	2nd.family	2nd.fictional-family	3rd.family	3rd.fictional-family	1st.proper-name	2nd.proper-name	3rd.proper-name	1st.modified-np	2nd.modified-np	3rd.modified-np	1st.quantifier	2nd.quantifier	3rd.quantifier	1st.service	2nd.service	3rd.service	1st.relationship	2nd.relationship	3rd.relationship	1st.anaphor	2nd.anaphor	3rd.anaphor
Texts	1995_23	1	0	0						1	0	0	0	0	0	0	0	0	0	0	0	0	0	0	0	0	0	0	0	0	0	0	0	0	0	0	0	0
Texts	1995_23	2	265	268	ငါ့					1	1	0	0	0	0	0	0	0	0	0	0	0	0	0	0	0	0	0	0	0	0	0	0	0	0	0	0	0
Texts	1995_23	3	633	636	ငါ့					1	1	0	0	0	0	0	0	0	0	0	0	0	0	0	0	0	0	0	0	0	0	0	0	0	0	0	0	0
Texts	1995_23	4	666	668	ငါ					1	1	0	0	0	0	0	0	0	0	0	0	0	0	0	0	0	0	0	0	0	0	0	0	0	0	0	0	0
Texts	1995_23	35	758	761	ငါ့					1	1	0	0	0	0	0	0	0	0	0	0	0	0	0	0	0	0	0	0	0	0	0	0	0	0	0	0	0
Texts	1995_23	5	818	821	သား					1	0	0	0	1	0	0	0	0	0	0	0	0	0	0	0	0	0	0	0	0	0	0	0	0	0	0	0	0
Texts	1995_23	6	823	833	မောင်မောင်					1	0	0	0	1	0	0	0	0	0	0	0	0	0	0	0	0	0	0	0	0	0	0	0	0	0	0	0	0
Texts	1995_23	7	875	879	မေမေ					1	0	0	0	0	0	0	1	0	0	0	0	0	0	0	0	0	0	0	0	0	0	0	0	0	0	0	0	0
Texts	1995_23	8	944	948	မေမေ					1	0	0	0	0	1	0	0	0	0	0	0	0	0	0	0	0	0	0	0	0	0	0	0	0	0	0	0	0
Texts	1995_23	9	959	962	သား					1	0	0	0	0	0	0	1	0	0	0	0	0	0	0	0	0	0	0	0	0	0	0	0	0	0	0	0	0
Texts	1995_23	10	1081	1084	သား					1	0	0	0	0	1	0	0	0	0	0	0	0	0	0	0	0	0	0	0	0	0	0	0	0	0	0	0	0
Texts	1995_23	11	1151	1155	မေမေ					1	0	0	0	1	0	0	0	0	0	0	0	0	0	0	0	0	0	0	0	0	0	0	0	0	0	0	0	0
Texts	1995_23	12	1190	1210	မင့် မမစိမ်းတစ်ယောက်					1	0	0	0	0	0	0	0	0	0	0	0	0	0	0	0	1	0	0	0	0	0	0	0	0	0	0	0	0
Texts	1995_23	13	1279	1286	မမစိမ်း					1	0	0	0	0	0	0	0	0	0	0	0	0	1	0	0	0	0	0	0	0	0	0	0	0	0	0	0	0
Texts	1995_23	14	1343	1350	မမစိမ်း					1	0	0	0	0	0	0	0	0	0	0	0	0	1	0	0	0	0	0	0	0	0	0	0	0	0	0	0	0
Texts	1995_23	15	1409	1412	သား					1	0	0	0	1	0	0	0	0	0	0	0	0	0	0	0	0	0	0	0	0	0	0	0	0	0	0	0	0
Texts	1995_23	16	1523	1529	ငါ့သား					1	0	0	0	0	0	0	0	0	0	0	0	0	0	0	1	0	0	0	0	0	0	0	0	0	0	0	0	0
Texts	1995_23	17	1593	1597	မေမေ					1	0	0	0	0	1	0	0	0	0	0	0	0	0	0	0	0	0	0	0	0	0	0	0	0	0	0	0	0
Texts	1995_23	18	1598	1602	မင်း					1	0	1	0	0	0	0	0	0	0	0	0	0	0	0	0	0	0	0	0	0	0	0	0	0	0	0	0	0
Texts	1995_23	19	1666	1670	မေမေ					1	0	0	0	1	0	0	0	0	0	0	0	0	0	0	0	0	0	0	0	0	0	0	0	0	0	0	0	0
Texts	1995_23	20	1705	1708	သား					1	0	0	0	0	1	0	0	0	0	0	0	0	0	0	0	0	0	0	0	0	0	0	0	0	0	0	0	0
Texts	1995_23	21	1761	1765	မေမေ					1	0	0	0	0	0	0	1	0	0	0	0	0	0	0	0	0	0	0	0	0	0	0	0	0	0	0	0	0
Texts	1995_23	22	1820	1823	သား					1	0	0	0	0	0	0	1	0	0	0	0	0	0	0	0	0	0	0	0	0	0	0	0	0	0	0	0	0
Texts	1995_23	23	1824	1831	မိစိမ်း					1	0	0	0	0	0	0	0	0	0	0	0	0	1	0	0	0	0	0	0	0	0	0	0	0	0	0	0	0
Texts	1995_23	24	1890	1894	မေမေ					1	0	0	0	1	0	0	0	0	0	0	0	0	0	0	0	0	0	0	0	0	0	0	0	0	0	0	0	0
Texts	1995_23	25	1896	1903	မမစိမ်း					1	0	0	0	0	0	0	0	0	0	0	0	0	1	0	0	0	0	0	0	0	0	0	0	0	0	0	0	0
Texts	1995_23	26	1964	1968	မေမေ					1	0	0	0	0	1	0	0	0	0	0	0	0	0	0	0	0	0	0	0	0	0	0	0	0	0	0	0	0
Texts	1995_23	27	2026	2030	မေမေ					1	0	0	0	0	1	0	0	0	0	0	0	0	0	0	0	0	0	0	0	0	0	0	0	0	0	0	0	0
Texts	1995_23	28	2053	2056	သား					1	0	0	0	1	0	0	0	0	0	0	0	0	0	0	0	0	0	0	0	0	0	0	0	0	0	0	0	0
Texts	1995_23	29	2090	2094	မင်း					1	0	1	0	0	0	0	0	0	0	0	0	0	0	0	0	0	0	0	0	0	0	0	0	0	0	0	0	0
Texts	1995_23	30	2114	2118	မင်း					1	0	1	0	0	0	0	0	0	0	0	0	0	0	0	0	0	0	0	0	0	0	0	0	0	0	0	0	0
Texts	1995_23	31	2188	2195	မိစိမ်း					1	0	0	0	0	0	0	0	0	0	0	0	0	1	0	0	0	0	0	0	0	0	0	0	0	0	0	0	0
Texts	1995_23	32	2197	2201	မင်း					1	0	1	0	0	0	0	0	0	0	0	0	0	0	0	0	0	0	0	0	0	0	0	0	0	0	0	0	0
Texts	1995_23	33	2226	2228	သူ					1	0	0	1	0	0	0	0	0	0	0	0	0	0	0	0	0	0	0	0	0	0	0	0	0	0	0	0	0
Texts	1995_23	34	2287	2294	မမစိမ်း					1	0	0	0	0	0	0	0	0	0	0	0	0	1	0	0	0	0	0	0	0	0	0	0	0	0	0	0	0
