Subcorp	\Filename	ID	Start	End	Text	Comment	Role	ParentID	doc_completeness	prosub	1st	2nd	3rd	address	1st.family	1st.fictional-family	2nd.family	2nd.fictional-family	3rd.family	3rd.fictional-family	1st.proper-name	2nd.proper-name	3rd.proper-name	1st.modified-np	2nd.modified-np	3rd.modified-np	1st.quantifier	2nd.quantifier	3rd.quantifier	1st.service	2nd.service	3rd.service	1st.relationship	2nd.relationship	3rd.relationship	1st.anaphor	2nd.anaphor	3rd.anaphor
Texts	1995_24	1	0	0						1	0	0	0	0	0	0	0	0	0	0	0	0	0	0	0	0	0	0	0	0	0	0	0	0	0	0	0	0
Texts	1995_24	2	70	77	မမစိမ်း					1	0	0	0	1	0	0	0	0	0	0	0	0	0	0	0	0	0	0	0	0	0	0	0	0	0	0	0	0
Texts	1995_24	3	114	124	မောင်မောင်					1	0	0	0	1	0	0	0	0	0	0	0	0	0	0	0	0	0	0	0	0	0	0	0	0	0	0	0	0
Texts	1995_24	4	126	129	မင်					1	0	1	0	0	0	0	0	0	0	0	0	0	0	0	0	0	0	0	0	0	0	0	0	0	0	0	0	0
Texts	1995_24	5	185	192	မမစိမ်း					1	0	0	0	1	0	0	0	0	0	0	0	0	0	0	0	0	0	0	0	0	0	0	0	0	0	0	0	0
Texts	1995_24	6	227	232	မောင်					1	0	0	0	0	0	0	0	0	0	0	1	0	0	0	0	0	0	0	0	0	0	0	0	0	0	0	0	0
Texts	1995_24	7	258	262	မေမေ					1	0	0	0	0	0	0	0	0	1	0	0	0	0	0	0	0	0	0	0	0	0	0	0	0	0	0	0	0
Texts	1995_24	8	273	278	မောင်					1	0	0	0	0	0	0	0	0	0	0	1	0	0	0	0	0	0	0	0	0	0	0	0	0	0	0	0	0
Texts	1995_24	9	332	339	မမစိမ်း					1	0	0	0	0	0	0	0	0	0	0	0	1	0	0	0	0	0	0	0	0	0	0	0	0	0	0	0	0
Texts	1995_24	10	362	367	မောင်					1	0	0	0	0	0	0	0	0	0	0	1	0	0	0	0	0	0	0	0	0	0	0	0	0	0	0	0	0
Texts	1995_24	11	422	435	မောင်မောင်ရယ်					1	0	0	0	1	0	0	0	0	0	0	0	0	0	0	0	0	0	0	0	0	0	0	0	0	0	0	0	0
Texts	1995_24	12	613	620	မမစိမ်း					1	0	0	0	1	0	0	0	0	0	0	0	0	0	0	0	0	0	0	0	0	0	0	0	0	0	0	0	0
Texts	1995_24	13	653	672	မင့်မိန်းမ ချစ်ချစ်					1	0	0	0	0	0	0	0	0	0	0	0	0	0	0	0	1	0	0	0	0	0	0	0	0	0	0	0	0
Texts	1995_24	14	751	759	ချစ်ချစ်					1	0	0	0	0	0	0	0	0	0	0	0	0	1	0	0	0	0	0	0	0	0	0	0	0	0	0	0	0
Texts	1995_24	15	817	821	မင်း					1	0	1	0	0	0	0	0	0	0	0	0	0	0	0	0	0	0	0	0	0	0	0	0	0	0	0	0	0
Texts	1995_24	16	822	824	သူ					1	0	0	1	0	0	0	0	0	0	0	0	0	0	0	0	0	0	0	0	0	0	0	0	0	0	0	0	0
Texts	1995_24	17	890	897	မမစိမ်း					1	0	0	0	1	0	0	0	0	0	0	0	0	0	0	0	0	0	0	0	0	0	0	0	0	0	0	0	0
Texts	1995_24	18	936	943	မမစိမ်း					1	0	0	0	0	0	0	0	0	0	0	0	1	0	0	0	0	0	0	0	0	0	0	0	0	0	0	0	0
Texts	1995_24	19	994	1001	မမစိမ်း					1	0	0	0	0	0	0	0	0	0	0	0	1	0	0	0	0	0	0	0	0	0	0	0	0	0	0	0	0
Texts	1995_24	20	1005	1020	မောင်ကိုယ်တိုင်					1	0	0	0	0	0	0	0	0	0	0	0	0	0	0	0	0	0	0	0	0	0	0	0	0	0	1	0	0
Texts	1995_24	21	1068	1074	မမစိမ်					1	0	0	0	0	0	0	0	0	0	0	0	1	0	0	0	0	0	0	0	0	0	0	0	0	0	0	0	0
Texts	1995_24	22	1132	1142	မောင်မောင်					1	0	0	0	1	0	0	0	0	0	0	0	0	0	0	0	0	0	0	0	0	0	0	0	0	0	0	0	0
Texts	1995_24	23	1144	1151	မမစိမ်း					1	0	0	0	0	0	0	0	0	0	0	1	0	0	0	0	0	0	0	0	0	0	0	0	0	0	0	0	0
Texts	1995_24	24	1239	1249	မမစိမ်းရယ်					1	0	0	0	1	0	0	0	0	0	0	0	0	0	0	0	0	0	0	0	0	0	0	0	0	0	0	0	0
Texts	1995_24	25	1348	1358	မောင်မောင်					1	0	0	0	0	0	0	0	0	0	0	0	1	0	0	0	0	0	0	0	0	0	0	0	0	0	0	0	0
Texts	1995_24	26	1359	1366	မမစိမ်း					1	0	0	0	0	0	0	0	0	0	0	1	0	0	0	0	0	0	0	0	0	0	0	0	0	0	0	0	0
Texts	1995_24	27	1421	1428	မမစိမ်း					1	0	0	0	1	0	0	0	0	0	0	0	0	0	0	0	0	0	0	0	0	0	0	0	0	0	0	0	0
Texts	1995_24	28	1430	1435	မောင်					1	0	0	0	0	0	0	0	0	0	0	1	0	0	0	0	0	0	0	0	0	0	0	0	0	0	0	0	0
Texts	1995_24	29	1490	1497	မမစိမ်း					1	0	0	0	0	0	0	0	0	0	0	0	1	0	0	0	0	0	0	0	0	0	0	0	0	0	0	0	0
Texts	1995_24	30	1570	1577	မမစိမ်း					1	0	0	0	0	0	0	0	0	0	0	0	1	0	0	0	0	0	0	0	0	0	0	0	0	0	0	0	0
Texts	1995_24	31	1578	1584	မောင့်					1	0	0	0	0	0	0	0	0	0	0	1	0	0	0	0	0	0	0	0	0	0	0	0	0	0	0	0	0
Texts	1995_24	32	1610	1615	မောင်					1	0	0	0	0	0	0	0	0	0	0	1	0	0	0	0	0	0	0	0	0	0	0	0	0	0	0	0	0
Texts	1995_24	33	1624	1634	မမစိမ်းရယ်					1	0	0	0	1	0	0	0	0	0	0	0	0	0	0	0	0	0	0	0	0	0	0	0	0	0	0	0	0
Texts	1995_24	34	1669	1676	မမစိမ်း					1	0	0	0	0	0	0	0	0	0	0	0	1	0	0	0	0	0	0	0	0	0	0	0	0	0	0	0	0
Texts	1995_24	35	1677	1683	မောင့်					1	0	0	0	0	0	0	0	0	0	0	1	0	0	0	0	0	0	0	0	0	0	0	0	0	0	0	0	0
Texts	1995_24	36	1737	1742	မောင်					1	0	0	0	0	0	0	0	0	0	0	1	0	0	0	0	0	0	0	0	0	0	0	0	0	0	0	0	0
Texts	1995_24	37	1743	1750	မမစိမ်း					1	0	0	0	0	0	0	0	0	0	0	0	1	0	0	0	0	0	0	0	0	0	0	0	0	0	0	0	0
Texts	1995_24	38	1863	1870	မမစိမ်း					1	0	0	0	0	0	0	0	0	0	0	0	1	0	0	0	0	0	0	0	0	0	0	0	0	0	0	0	0
Texts	1995_24	39	1893	1898	မောင်					1	0	0	0	0	0	0	0	0	0	0	1	0	0	0	0	0	0	0	0	0	0	0	0	0	0	0	0	0
Texts	1995_24	40	1947	1960	မောင်မောင်ရယ်					1	0	0	0	1	0	0	0	0	0	0	0	0	0	0	0	0	0	0	0	0	0	0	0	0	0	0	0	0
Texts	1995_24	41	2009	2019	မမစိမ်းရယ်					1	0	0	0	1	0	0	0	0	0	0	0	0	0	0	0	0	0	0	0	0	0	0	0	0	0	0	0	0
Texts	1995_24	42	2054	2061	မမစိမ်း					1	0	0	0	0	0	0	0	0	0	0	0	1	0	0	0	0	0	0	0	0	0	0	0	0	0	0	0	0
Texts	1995_24	43	2075	2080	မောင်					1	0	0	0	0	0	0	0	0	0	0	1	0	0	0	0	0	0	0	0	0	0	0	0	0	0	0	0	0
Texts	1995_24	44	2081	2088	မမစိမ်း					1	0	0	0	0	0	0	0	0	0	0	0	1	0	0	0	0	0	0	0	0	0	0	0	0	0	0	0	0
Texts	1995_24	45	2149	2156	မမစိမ်း					1	0	0	0	0	0	0	0	0	0	0	0	1	0	0	0	0	0	0	0	0	0	0	0	0	0	0	0	0
Texts	1995_24	46	2157	2163	မောင့်					1	0	0	0	0	0	0	0	0	0	0	1	0	0	0	0	0	0	0	0	0	0	0	0	0	0	0	0	0
Texts	1995_24	47	2183	2190	မမစိမ်း					1	0	0	0	1	0	0	0	0	0	0	0	0	0	0	0	0	0	0	0	0	0	0	0	0	0	0	0	0
Texts	1995_24	48	2236	2243	မမစိမ်း					1	0	0	0	0	0	0	0	0	0	0	1	0	0	0	0	0	0	0	0	0	0	0	0	0	0	0	0	0
Texts	1995_24	49	2261	2274	မောင်မောင်ရယ်					1	0	0	0	1	0	0	0	0	0	0	0	0	0	0	0	0	0	0	0	0	0	0	0	0	0	0	0	0
Texts	1995_24	50	2313	2330	မမချစ်တဲ့မောင်လေး					1	0	0	0	0	0	0	0	0	0	0	0	0	0	0	1	0	0	0	0	0	0	0	0	0	0	0	0	0
Texts	1995_24	51	2352	2359	မမစိမ်း					1	0	0	0	0	0	0	0	0	0	0	1	0	0	0	0	0	0	0	0	0	0	0	0	0	0	0	0	0
Texts	1995_24	52	2375	2377	မမ					1	0	0	0	0	0	1	0	0	0	0	0	0	0	0	0	0	0	0	0	0	0	0	0	0	0	0	0	0
Texts	1995_24	53	2504	2508	မင်း					1	0	1	0	0	0	0	0	0	0	0	0	0	0	0	0	0	0	0	0	0	0	0	0	0	0	0	0	0
Texts	1995_24	54	2510	2512	မမ					1	0	0	0	0	0	1	0	0	0	0	0	0	0	0	0	0	0	0	0	0	0	0	0	0	0	0	0	0
Texts	1995_24	55	2545	2547	မမ					1	0	0	0	0	0	1	0	0	0	0	0	0	0	0	0	0	0	0	0	0	0	0	0	0	0	0	0	0
Texts	1995_24	56	2618	2641	မမ သိပ် ချစ်ရတဲ့မောင်လေ					1	0	0	0	0	0	0	0	0	0	0	0	0	0	0	1	0	0	0	0	0	0	0	0	0	0	0	0	0
Texts	1995_24	57	2672	2674	မမ					1	0	0	0	0	0	1	0	0	0	0	0	0	0	0	0	0	0	0	0	0	0	0	0	0	0	0	0	0
Texts	1995_24	58	2678	2682	မင်း					1	0	1	0	0	0	0	0	0	0	0	0	0	0	0	0	0	0	0	0	0	0	0	0	0	0	0	0	0
Texts	1995_24	59	2775	2782	မမစိမ်း					1	0	0	0	1	0	0	0	0	0	0	0	0	0	0	0	0	0	0	0	0	0	0	0	0	0	0	0	0
Texts	1995_24	60	2784	2791	မမစိမ်း					1	0	0	0	1	0	0	0	0	0	0	0	0	0	0	0	0	0	0	0	0	0	0	0	0	0	0	0	0
Texts	1995_24	61	2793	2800	မမစိမ်း					1	0	0	0	1	0	0	0	0	0	0	0	0	0	0	0	0	0	0	0	0	0	0	0	0	0	0	0	0
Texts	1995_24	62	2806	2808	မမ					1	0	0	0	0	0	0	0	1	0	0	0	0	0	0	0	0	0	0	0	0	0	0	0	0	0	0	0	0
Texts	1995_24	63	2809	2811	မမ					1	0	0	0	0	0	0	0	1	0	0	0	0	0	0	0	0	0	0	0	0	0	0	0	0	0	0	0	0
Texts	1995_24	64	2880	2890	မမစိမ်းရယ်					1	0	0	0	1	0	0	0	0	0	0	0	0	0	0	0	0	0	0	0	0	0	0	0	0	0	0	0	0
Texts	1995_24	65	2925	2935	မောင်မောင်					1	0	0	0	0	0	0	0	0	0	0	1	0	0	0	0	0	0	0	0	0	0	0	0	0	0	0	0	0
Texts	1995_24	66	2954	2961	မမစိမ်း					1	0	0	0	0	0	0	0	0	0	0	0	1	0	0	0	0	0	0	0	0	0	0	0	0	0	0	0	0
Texts	1995_24	72	3026	3042	ချစ်ရတဲ့မောင်လေး					1	0	0	0	0	0	0	0	0	0	0	0	0	0	1	0	0	0	0	0	0	0	0	0	0	0	0	0	0
Texts	1995_24	67	3083	3085	မမ					1	0	0	0	0	0	0	0	1	0	0	0	0	0	0	0	0	0	0	0	0	0	0	0	0	0	0	0	0
Texts	1995_24	68	3089	3099	မောင်မောင်					1	0	0	0	0	0	0	0	0	0	0	1	0	0	0	0	0	0	0	0	0	0	0	0	0	0	0	0	0
Texts	1995_24	69	3119	3125	ကိုယ့်					1	0	0	0	0	0	0	0	0	0	0	0	0	0	0	0	0	0	0	0	0	0	0	0	0	0	1	0	0
Texts	1995_24	70	3165	3176	မောင်မောင့်					1	0	0	0	0	0	0	0	0	0	0	1	0	0	0	0	0	0	0	0	0	0	0	0	0	0	0	0	0
Texts	1995_24	71	3187	3189	မမ					1	0	0	0	0	0	0	0	1	0	0	0	0	0	0	0	0	0	0	0	0	0	0	0	0	0	0	0	0
Texts	1995_24	84	3213	3218	မမရယ်					1	0	0	0	1	0	0	0	0	0	0	0	0	0	0	0	0	0	0	0	0	0	0	0	0	0	0	0	0
Texts	1995_24	73	3256	3263	မိစိမ်း					1	0	0	0	1	0	0	0	0	0	0	0	0	0	0	0	0	0	0	0	0	0	0	0	0	0	0	0	0
Texts	1995_24	74	3265	3272	တူမကြီး					1	0	0	0	1	0	0	0	0	0	0	0	0	0	0	0	0	0	0	0	0	0	0	0	0	0	0	0	0
Texts	1995_24	75	3289	3299	တူမကြီးရယ်					1	0	0	0	1	0	0	0	0	0	0	0	0	0	0	0	0	0	0	0	0	0	0	0	0	0	0	0	0
Texts	1995_24	76	3333	3342	မင့်မောင်					1	0	0	0	0	0	0	0	0	0	0	0	0	0	0	0	1	0	0	0	0	0	0	0	0	0	0	0	0
Texts	1995_24	77	3414	3421	မမစိမ်း					1	0	0	0	1	0	0	0	0	0	0	0	0	0	0	0	0	0	0	0	0	0	0	0	0	0	0	0	0
Texts	1995_24	78	3423	3430	မမစိမ်း					1	0	0	0	1	0	0	0	0	0	0	0	0	0	0	0	0	0	0	0	0	0	0	0	0	0	0	0	0
Texts	1995_24	79	3432	3439	မမစိမ်း					1	0	0	0	1	0	0	0	0	0	0	0	0	0	0	0	0	0	0	0	0	0	0	0	0	0	0	0	0
Texts	1995_24	80	3474	3479	မောင်					1	0	0	0	0	0	0	0	0	0	0	1	0	0	0	0	0	0	0	0	0	0	0	0	0	0	0	0	0
Texts	1995_24	83	3539	3545	မောင့်					1	0	0	0	0	0	0	0	0	0	0	1	0	0	0	0	0	0	0	0	0	0	0	0	0	0	0	0	0
Texts	1995_24	82	3573	3580	မမစိမ်း					1	0	0	0	0	0	0	0	0	0	0	0	1	0	0	0	0	0	0	0	0	0	0	0	0	0	0	0	0
Texts	1995_24	85	3620	3627	မမစိမ်း					1	0	0	0	0	0	0	0	0	0	0	0	1	0	0	0	0	0	0	0	0	0	0	0	0	0	0	0	0
Texts	1995_24	86	3646	3651	မောင်					1	0	0	0	0	0	0	0	0	0	0	1	0	0	0	0	0	0	0	0	0	0	0	0	0	0	0	0	0
Texts	1995_24	87	3668	3678	မမစိမ်းရဲ့					1	0	0	0	1	0	0	0	0	0	0	0	0	0	0	0	0	0	0	0	0	0	0	0	0	0	0	0	0
Texts	1995_24	88	3739	3744	မောင်					1	0	0	0	0	0	0	0	0	0	0	1	0	0	0	0	0	0	0	0	0	0	0	0	0	0	0	0	0
Texts	1995_24	89	3765	3782	ကိုယ့်ကိုကိုယ်ကို					1	0	0	0	0	0	0	0	0	0	0	0	0	0	0	0	0	0	0	0	0	0	0	0	0	0	0	1	0
Texts	1995_24	90	3796	3800	မင်း					1	0	1	0	0	0	0	0	0	0	0	0	0	0	0	0	0	0	0	0	0	0	0	0	0	0	0	0	0
Texts	1995_24	91	3804	3806	ငါ					1	1	0	0	0	0	0	0	0	0	0	0	0	0	0	0	0	0	0	0	0	0	0	0	0	0	0	0	0
Texts	1995_24	92	3817	3821	မင်း					1	0	1	0	0	0	0	0	0	0	0	0	0	0	0	0	0	0	0	0	0	0	0	0	0	0	0	0	0
Texts	1995_24	93	3825	3827	ငါ					1	1	0	0	0	0	0	0	0	0	0	0	0	0	0	0	0	0	0	0	0	0	0	0	0	0	0	0	0
Texts	1995_24	94	3887	3893	မောင့်					1	0	0	0	0	0	0	0	0	0	0	1	0	0	0	0	0	0	0	0	0	0	0	0	0	0	0	0	0
Texts	1995_24	95	4045	4060	မမစိမ်းတစ်ယောက်					1	0	0	0	0	0	0	0	0	0	0	0	0	0	0	0	1	0	0	0	0	0	0	0	0	0	0	0	0
Texts	1995_24	96	4095	4102	မမစိမ်း					1	0	0	0	1	0	0	0	0	0	0	0	0	0	0	0	0	0	0	0	0	0	0	0	0	0	0	0	0
Texts	1995_24	97	4108	4112	မေမေ					1	0	0	0	1	0	0	0	0	0	0	0	0	0	0	0	0	0	0	0	0	0	0	0	0	0	0	0	0
Texts	1995_24	98	4117	4124	မမစိမ်း					1	0	0	0	0	0	0	0	0	0	0	0	0	1	0	0	0	0	0	0	0	0	0	0	0	0	0	0	0
Texts	1995_24	99	4139	4143	မေမေ					1	0	0	0	1	0	0	0	0	0	0	0	0	0	0	0	0	0	0	0	0	0	0	0	0	0	0	0	0
Texts	1995_24	100	4144	4151	မမစိမ်း					1	0	0	0	0	0	0	0	0	0	0	0	0	1	0	0	0	0	0	0	0	0	0	0	0	0	0	0	0
Texts	1995_24	101	4166	4170	မေမေ					1	0	0	0	1	0	0	0	0	0	0	0	0	0	0	0	0	0	0	0	0	0	0	0	0	0	0	0	0
Texts	1995_24	102	4172	4179	မမစိမ်း					1	0	0	0	0	0	0	0	0	0	0	0	0	1	0	0	0	0	0	0	0	0	0	0	0	0	0	0	0
Texts	1995_24	103	4227	4230	သား					1	0	0	0	0	1	0	0	0	0	0	0	0	0	0	0	0	0	0	0	0	0	0	0	0	0	0	0	0
Texts	1995_24	104	4247	4258	သူ့ကိုယ်သူ့					1	0	0	0	0	0	0	0	0	0	0	0	0	0	0	0	0	0	0	0	0	0	0	0	0	0	0	0	1
Texts	1995_24	105	4392	4403	မောင့်မမရယ်					1	0	0	0	1	0	0	0	0	0	0	0	0	0	0	0	0	0	0	0	0	0	0	0	0	0	0	0	0
Texts	1995_24	106	4438	4443	မောင်					1	0	0	0	0	0	0	0	0	0	0	1	0	0	0	0	0	0	0	0	0	0	0	0	0	0	0	0	0
Texts	1995_24	107	4526	4530	မေမေ					1	0	0	0	1	0	0	0	0	0	0	0	0	0	0	0	0	0	0	0	0	0	0	0	0	0	0	0	0
Texts	1995_24	108	4532	4535	သား					1	0	0	0	0	1	0	0	0	0	0	0	0	0	0	0	0	0	0	0	0	0	0	0	0	0	0	0	0
Texts	1995_24	109	4561	4568	မေမေရယ်					1	0	0	0	1	0	0	0	0	0	0	0	0	0	0	0	0	0	0	0	0	0	0	0	0	0	0	0	0
